
3905 2282 3893 3987 3967 3965 31 3706 2 2 2 2 3 1 2 2 0
3905 2282 3893 3987 3967 3965 31 3706 2 1 2 2 3 1 2 2 0
3904 2282 3893 3987 3967 3965 31 3706 2 1 2 2 3 1 2 2 0
3905 2289 3893 3987 3967 3965 31 3706 2 2 2 1 3 2 2 2 0
3905 2290 3893 3987 3967 3965 31 3706 2 2 2 1 3 2 2 2 0
3905 2289 3893 3987 3967 3965 31 3706 2 2 2 1 3 2 2 2 0
3905 2289 3893 3987 3967 3965 31 3706 2 2 2 2 3 2 2 2 0
3905 2290 3893 3987 3967 3965 31 3706 2 2 2 2 3 2 2 2 0
3905 2290 3893 3987 3967 3965 31 3706 2 2 2 2 3 2 2 2 0
3905 2289 3893 3987 3967 3965 31 3706 2 2 2 2 3 2 2 2 0
3905 2291 3893 3987 3967 3965 31 3706 2 2 1 2 3 1 2 2 0
3905 2292 3893 3988 3967 3965 31 3706 2 2 1 2 3 1 2 2 0
3905 2290 3893 3987 3967 3965 31 3706 2 2 1 2 3 1 2 2 0
3905 2289 3893 3987 3967 3965 31 3706 2 2 2 2 3 2 2 2 0
3905 2287 3893 3987 3967 3965 31 3706 2 2 2 2 3 2 2 2 0
3905 2289 3893 3987 3967 3965 31 3706 2 2 2 2 3 2 2 2 0
3905 2289 3893 3987 3967 3965 32 3706 2 2 2 2 3 2 2 2 0
3905 2289 3893 3987 3967 3965 31 3706 2 2 2 2 3 2 2 2 0
3905 2289 3893 3987 3967 3965 31 3706 2 2 2 2 3 2 2 2 0
3905 2284 3893 3987 3967 3965 31 3706 2 2 2 1 3 2 2 2 0
3905 2281 3893 3987 3967 3965 31 3706 2 2 2 1 3 2 2 2 0
3905 2279 3893 3987 3967 3965 31 3706 2 2 2 1 3 2 2 2 0
3905 2278 3893 3987 3967 3965 31 3706 2 2 2 2 3 2 2 1 0
3905 2277 3893 3987 3967 3965 31 3706 2 2 2 2 3 2 2 1 0
3904 2279 3893 3987 3967 3965 31 3706 2 2 2 2 3 2 2 1 0
3904 2282 3893 3987 3967 3965 31 3706 2 2 2 2 3 2 2 1 0
3904 2284 3893 3987 3967 3965 29 3706 2 2 2 2 3 2 2 2 0
3904 2286 3893 3987 3967 3965 30 3706 2 2 2 1 3 2 2 2 0
3904 2285 3893 3987 3967 3965 30 3706 2 2 2 1 3 2 2 2 0
3904 2284 3893 3987 3967 3965 31 3706 2 2 2 1 3 2 2 2 0
3905 2283 3893 3987 3967 3965 31 3706 2 2 2 1 3 2 2 2 0
3905 2283 3893 3987 3967 3965 31 3706 2 2 2 2 3 2 2 2 0
3905 2283 3892 3987 3967 3965 32 3707 2 2 2 1 3 2 2 2 0
3904 2283 3893 3987 3967 3965 32 3707 2 2 2 1 3 2 2 2 0
3904 2284 3893 3987 3967 3965 32 3707 2 2 2 1 3 1 2 2 0
3905 2287 3893 3987 3967 3965 31 3706 2 2 2 2 3 1 2 2 0
3905 2288 3893 3987 3967 3965 31 3706 2 2 2 2 3 1 2 2 0
3905 2288 3893 3987 3967 3965 31 3706 2 2 2 2 3 1 2 2 0
3905 2288 3893 3987 3967 3965 30 3706 2 2 2 2 3 2 2 2 0
3904 2288 3893 3987 3967 3965 31 3706 2 2 2 2 3 2 2 2 0
3905 2287 3893 3987 3967 3965 31 3706 2 2 2 2 3 2 2 2 0
3904 2288 3893 3987 3967 3965 31 3706 2 2 2 2 3 2 2 2 0
3904 2288 3893 3987 3967 3965 31 3706 2 2 2 2 3 2 2 2 0
3904 2289 3893 3987 3967 3965 31 3706 2 2 2 1 3 2 2 2 0
3904 2290 3893 3987 3967 3965 31 3706 2 2 2 1 3 2 2 2 0
3904 2291 3893 3987 3967 3965 31 3706 2 2 2 1 3 1 2 2 0
3904 2292 3893 3987 3967 3965 31 3706 2 2 2 1 3 1 2 2 0
3905 2292 3893 3987 3967 3965 31 3706 2 2 2 2 3 1 2 2 0
3904 2293 3893 3987 3967 3965 29 3706 2 2 2 1 3 1 2 2 0
3904 2292 3893 3987 3967 3965 29 3706 2 2 2 1 3 1 2 2 0
3904 2292 3893 3987 3967 3965 29 3706 2 2 2 1 3 1 2 2 0
3904 2291 3893 3987 3967 3965 29 3706 2 2 2 1 3 2 2 2 0
3904 2290 3893 3987 3967 3965 29 3706 2 2 2 1 3 2 2 2 0
3904 2290 3893 3987 3967 3965 29 3706 2 2 2 2 3 2 2 2 0
3904 2290 3893 3987 3967 3965 29 3706 2 2 2 2 3 2 2 2 0
3904 2291 3893 3987 3967 3965 29 3706 2 2 2 2 3 2 2 2 0
3904 2293 3893 3987 3967 3965 29 3706 2 2 2 2 3 2 2 2 0
3904 2294 3893 3987 3967 3965 29 3706 2 2 2 2 3 2 2 2 0
3904 2290 3893 3987 3967 3965 29 3706 2 2 2 1 3 2 2 2 0
3904 2287 3893 3987 3967 3965 29 3706 2 2 2 1 3 1 2 2 0
3904 2283 3893 3987 3967 3965 29 3706 2 2 2 1 3 1 2 2 0
3904 2281 3893 3987 3967 3965 29 3706 2 2 2 1 3 1 2 2 0
3904 2279 3893 3987 3967 3965 29 3706 2 2 2 1 3 1 2 2 0
3904 2281 3893 3987 3967 3965 30 3706 2 2 2 1 3 1 2 2 0
3904 2282 3893 3987 3967 3965 30 3706 2 2 2 1 3 2 2 2 0
3904 2282 3893 3987 3967 3965 30 3706 2 2 2 1 3 1 2 2 0
3904 2282 3893 3987 3967 3965 29 3706 2 2 2 1 3 1 2 2 0
3904 2282 3893 3987 3967 3965 29 3706 2 2 2 2 3 1 2 2 0
3904 2282 3893 3987 3967 3965 29 3706 2 2 2 2 3 1 2 2 0
3904 2282 3893 3987 3967 3965 29 3706 2 2 2 2 3 2 2 2 0
3904 2284 3893 3987 3967 3965 29 3706 2 2 2 2 3 2 2 2 0
3904 2287 3893 3987 3967 3965 29 3706 2 2 2 2 3 2 2 2 0
3904 2287 3893 3987 3967 3965 29 3706 2 2 2 2 3 2 2 2 0
3904 2286 3893 3987 3967 3965 26 3706 2 2 2 2 3 2 2 2 0
3904 2284 3893 3987 3967 3965 26 3706 2 2 2 1 3 2 2 2 0
3904 2284 3892 3987 3967 3965 28 3706 2 2 2 1 3 2 2 2 0
3904 2284 3893 3987 3967 3965 29 3706 2 2 2 1 3 2 2 2 0
3904 2283 3893 3987 3967 3965 31 3706 2 2 2 2 3 2 2 2 0
3904 2285 3893 3987 3967 3965 30 3706 2 2 2 2 3 2 2 2 0
3904 2293 3893 3987 3967 3965 31 3706 2 2 2 2 3 2 2 2 0
3904 2302 3893 3987 3967 3965 29 3706 2 2 2 2 3 2 2 2 0
3904 2312 3893 3987 3967 3965 29 3706 2 2 2 2 3 2 2 2 0
3904 2319 3893 3987 3967 3965 29 3706 2 2 2 2 3 2 2 1 0
3904 2318 3893 3987 3967 3965 29 3706 2 2 2 2 3 2 2 1 0
3904 2316 3893 3987 3967 3965 29 3706 2 2 2 2 3 2 2 1 0
3904 2315 3893 3987 3967 3965 29 3706 2 2 2 2 3 2 2 2 0
3904 2314 3893 3987 3967 3965 29 3706 2 2 2 2 3 2 2 2 0
3904 2315 3893 3987 3967 3965 29 3706 2 2 2 2 3 2 2 2 0
3904 2316 3893 3987 3967 3965 29 3705 2 2 2 1 3 2 2 2 0
3904 2316 3893 3987 3967 3965 29 3705 2 2 2 1 3 2 2 2 0
3904 2315 3893 3987 3967 3965 29 3706 2 2 2 1 3 2 2 2 0
3904 2315 3893 3987 3967 3965 29 3706 2 2 2 1 3 2 2 2 0
3904 2314 3893 3987 3967 3965 29 3706 2 1 2 1 3 2 2 2 0
3904 2314 3893 3987 3967 3965 29 3706 2 1 2 1 3 2 2 2 0
3904 2314 3893 3987 3967 3965 29 3706 2 2 2 1 3 2 2 2 0
3904 2314 3893 3987 3967 3965 29 3706 2 2 2 2 3 2 2 2 0
3904 2316 3893 3987 3967 3965 29 3706 2 2 2 1 3 2 2 2 0
3904 2315 3893 3987 3967 3965 29 3706 2 2 2 1 3 2 2 2 0
3904 2315 3893 3987 3967 3965 28 3706 2 2 2 1 3 2 2 2 0
3904 2316 3893 3987 3967 3965 29 3706 2 2 2 2 3 2 2 2 0
3904 2315 3893 3987 3967 3965 29 3706 2 2 2 2 3 2 2 2 0
3904 2316 3893 3987 3967 3965 31 3706 2 2 2 2 3 2 2 2 0
3904 2315 3893 3987 3967 3965 28 3705 2 2 2 2 3 2 2 2 0
3904 2316 3893 3987 3967 3965 30 3706 2 2 2 1 3 2 2 2 0
3904 2315 3893 3987 3967 3965 28 3705 2 2 2 1 3 2 2 2 0
3904 2315 3893 3987 3967 3965 28 3705 2 2 2 1 3 2 2 2 0
3904 2314 3893 3987 3967 3965 28 3706 2 2 2 1 3 2 2 2 0
3904 2315 3893 3987 3967 3965 28 3706 2 2 2 2 3 2 2 2 0
3904 2314 3893 3987 3967 3965 28 3706 2 2 2 2 3 2 2 2 0
3904 2314 3893 3987 3967 3965 29 3706 2 2 2 2 3 2 2 2 0
3904 2315 3893 3987 3967 3965 28 3706 2 1 2 2 3 2 2 2 0
3904 2315 3893 3987 3967 3965 28 3706 2 1 2 2 3 2 2 2 0
3904 2316 3893 3987 3967 3965 27 3706 2 1 2 1 3 2 2 2 0
3904 2317 3893 3987 3967 3965 28 3706 2 1 2 1 3 2 2 2 0
3904 2316 3893 3987 3967 3965 28 3706 2 1 2 1 3 2 2 2 0
3904 2317 3893 3987 3967 3965 28 3706 2 2 2 1 3 2 2 2 0
3904 2316 3893 3987 3967 3965 29 3706 2 2 2 2 3 2 2 2 0
3904 2315 3893 3987 3967 3965 29 3705 2 2 2 2 3 2 2 2 0
3904 2314 3893 3987 3967 3965 28 3705 2 2 2 2 3 2 2 2 0
3904 2315 3893 3987 3967 3965 29 3706 2 2 2 2 3 2 2 2 0
3904 2315 3893 3987 3967 3965 28 3706 2 2 2 2 3 2 2 2 0
3904 2314 3893 3987 3967 3965 28 3706 2 2 2 1 3 2 2 2 0
3904 2315 3893 3987 3967 3965 29 3706 2 2 2 1 3 2 2 2 0
3904 2314 3893 3987 3967 3965 29 3706 2 2 2 1 3 2 2 2 0
3904 2316 3893 3987 3967 3965 29 3705 2 2 2 1 3 2 2 2 0
3904 2317 3893 3987 3967 3965 29 3705 2 2 2 1 3 2 2 2 0
3904 2318 3893 3987 3967 3965 29 3705 2 2 2 1 3 2 2 2 0
3904 2319 3893 3987 3967 3965 29 3705 2 2 2 1 3 2 2 2 0
3905 2318 3893 3987 3967 3965 29 3705 2 2 2 2 3 2 2 2 0
3905 2317 3893 3988 3967 3965 29 3705 2 2 2 2 3 1 2 2 0
3904 2316 3893 3987 3967 3965 29 3706 2 2 2 2 3 1 2 2 0
3904 2316 3893 3987 3967 3965 29 3706 2 2 2 2 3 1 2 2 0
3904 2318 3893 3987 3967 3965 29 3706 2 2 2 2 3 1 2 2 0
3904 2320 3893 3987 3967 3965 29 3706 2 2 2 2 3 1 2 2 0
3904 2322 3893 3987 3967 3965 29 3706 2 2 2 2 3 2 2 2 0
3905 2325 3893 3987 3967 3965 30 3706 2 2 2 2 3 2 2 2 0
3905 2326 3893 3987 3967 3965 30 3706 2 2 2 2 3 2 2 2 0
3905 2327 3893 3987 3967 3965 30 3706 2 2 2 2 3 2 2 2 0
3905 2327 3892 3987 3967 3965 30 3706 2 2 2 2 3 2 2 2 0
3905 2327 3892 3987 3967 3965 30 3706 2 2 2 2 3 2 2 2 0
3905 2327 3892 3987 3967 3965 30 3706 2 2 2 2 3 1 2 2 0
3905 2325 3892 3987 3967 3965 30 3706 2 2 2 2 3 1 2 2 0
3905 2320 3892 3987 3967 3965 30 3706 2 2 2 2 3 1 2 2 0
3905 2314 3892 3987 3967 3965 30 3706 2 2 2 2 3 1 2 2 0
3905 2311 3893 3987 3967 3965 30 3706 2 2 2 2 3 2 2 2 0
3905 2308 3893 3987 3967 3965 29 3706 2 1 2 2 3 2 2 2 0
3905 2310 3893 3987 3967 3965 29 3706 2 1 2 2 3 2 2 2 0
3905 2313 3893 3987 3967 3965 29 3706 2 1 2 2 3 2 2 2 0
3905 2317 3893 3987 3967 3965 29 3706 2 1 2 2 3 2 2 2 0
3905 2319 3893 3987 3967 3965 29 3706 2 2 2 2 3 2 2 2 0
3905 2320 3893 3987 3967 3965 29 3705 2 2 2 2 3 2 2 2 0
3905 2321 3893 3988 3967 3965 29 3705 2 2 2 2 3 2 2 2 0
3905 2318 3893 3988 3967 3965 30 3705 2 2 2 2 3 2 2 2 0
3905 2316 3893 3988 3967 3965 30 3705 2 2 1 2 3 2 2 2 0
3905 2317 3893 3987 3967 3965 30 3706 2 2 1 2 3 2 2 2 0
3905 2318 3893 3987 3967 3965 30 3706 2 2 2 2 3 2 2 2 0
3905 2321 3892 3987 3967 3965 30 3706 2 2 2 2 3 2 2 2 0
3905 2323 3892 3987 3967 3965 29 3706 2 2 2 2 3 2 2 2 0
3905 2324 3892 3987 3967 3965 29 3706 2 2 2 2 3 2 2 2 0
3905 2321 3892 3988 3967 3965 29 3706 2 2 2 1 3 2 2 2 0
3905 2319 3893 3987 3967 3965 28 3706 2 2 2 1 3 2 2 2 0
3905 2316 3893 3987 3967 3965 29 3706 2 2 2 1 3 2 2 2 0
3905 2314 3893 3987 3967 3965 29 3706 2 2 2 1 3 2 2 2 0
3905 2314 3893 3987 3967 3965 31 3706 2 2 2 2 3 2 2 2 0
3905 2310 3893 3987 3967 3965 29 3706 2 1 2 1 3 2 2 2 0
3905 2310 3892 3987 3967 3965 30 3706 2 2 1 1 3 2 2 2 0
3905 2309 3892 3987 3967 3965 27 3705 2 2 1 1 3 2 2 2 0
3905 2309 3892 3987 3967 3965 28 3705 2 2 1 2 3 2 2 2 0
3905 2308 3892 3987 3967 3965 26 3705 2 2 1 2 3 2 2 2 0
3905 2308 3893 3987 3967 3965 28 3706 2 2 2 2 3 2 2 2 0
3905 2308 3893 3987 3967 3965 29 3706 2 2 2 2 3 2 2 2 0
3905 2308 3893 3987 3967 3965 30 3706 2 2 2 2 3 2 2 2 0
3905 2307 3893 3987 3967 3965 30 3706 2 2 2 1 3 2 2 2 0
3905 2309 3892 3987 3967 3965 30 3706 2 2 2 1 3 1 2 2 0
3905 2310 3892 3987 3967 3965 30 3706 2 2 2 1 3 1 2 2 0
3905 2310 3892 3988 3967 3965 30 3706 2 2 2 1 3 1 2 2 0
3905 2310 3892 3988 3967 3965 30 3706 2 2 2 2 3 1 2 2 0
3905 2310 3892 3988 3967 3965 30 3706 2 2 2 2 3 1 2 2 0
3905 2310 3892 3988 3967 3965 30 3706 2 2 2 2 3 2 2 2 0
3905 2311 3893 3988 3967 3965 30 3706 2 2 2 2 3 2 2 2 0
3905 2310 3893 3987 3967 3965 30 3706 2 2 2 2 3 2 2 2 0
3905 2309 3893 3987 3967 3965 30 3706 2 2 2 2 3 2 2 2 0
3905 2306 3893 3987 3967 3965 30 3706 2 2 2 2 3 1 2 2 0
3905 2304 3893 3987 3967 3965 30 3706 2 2 2 2 3 1 2 2 0
3905 2304 3893 3988 3967 3965 30 3706 2 2 2 2 3 1 2 2 0
3905 2307 3893 3987 3967 3965 30 3706 2 2 2 2 3 1 2 2 0
3905 2307 3893 3987 3967 3965 30 3706 2 2 2 2 3 1 2 2 0
3905 2308 3893 3987 3967 3965 30 3706 2 2 2 1 3 2 2 2 0
3905 2307 3893 3987 3967 3965 30 3705 2 2 2 1 3 2 2 2 0
3905 2305 3893 3987 3967 3965 30 3706 2 2 2 1 3 2 2 2 0
3905 2303 3893 3987 3967 3965 31 3706 2 2 2 1 3 2 2 2 0
3905 2303 3893 3987 3967 3965 31 3706 2 1 2 2 3 2 2 2 0
3905 2305 3893 3988 3967 3965 31 3706 2 1 2 1 3 1 2 2 0
3905 2308 3893 3987 3967 3965 31 3706 2 1 2 1 3 2 2 2 0
3905 2309 3893 3987 3967 3965 31 3706 2 1 2 1 3 2 2 2 0
3905 2309 3893 3987 3967 3965 30 3706 2 2 2 1 3 2 2 2 0
3905 2307 3893 3987 3967 3965 30 3706 2 2 2 2 3 2 2 2 0
3905 2304 3892 3987 3967 3965 30 3706 2 2 2 2 3 2 2 2 0
3905 2304 3893 3987 3967 3965 30 3706 2 2 2 2 3 2 2 2 0
3905 2305 3893 3987 3967 3965 30 3706 2 2 2 2 3 2 2 2 0
3905 2305 3893 3987 3967 3965 30 3706 2 2 2 2 3 2 2 2 0
3905 2305 3893 3987 3967 3965 30 3706 2 2 2 2 3 2 2 2 0
3905 2304 3893 3987 3967 3965 30 3706 2 2 2 2 3 2 2 2 0
3905 2303 3893 3987 3967 3965 30 3706 2 2 2 2 3 2 2 2 0
3905 2303 3892 3987 3967 3965 30 3706 2 2 2 2 3 2 2 2 0
3905 2303 3893 3987 3967 3965 31 3706 2 2 2 2 3 2 2 2 0
3905 2303 3892 3987 3967 3965 30 3706 2 2 2 2 3 2 2 2 0
3905 2303 3893 3987 3967 3965 32 3706 2 2 2 2 3 2 2 2 0
3905 2302 3893 3987 3967 3965 30 3706 2 2 2 2 3 2 2 2 0
3905 2304 3893 3987 3967 3965 31 3706 2 2 2 2 3 2 2 2 0
3905 2306 3892 3987 3967 3965 30 3705 2 2 2 2 3 2 2 2 0
3905 2309 3893 3987 3967 3965 31 3706 2 2 2 2 3 2 2 2 0
3905 2312 3892 3987 3967 3965 29 3705 2 2 2 2 3 2 2 2 0
3905 2314 3893 3987 3967 3965 31 3706 2 2 2 2 3 2 2 2 0
3905 2315 3893 3987 3967 3965 31 3706 2 2 2 2 3 2 2 2 0
3905 2312 3893 3987 3967 3965 31 3706 2 2 2 2 3 2 2 2 0
3905 2310 3893 3987 3967 3965 31 3706 2 2 2 2 3 2 2 2 0
3905 2310 3892 3987 3967 3965 31 3706 2 2 1 2 3 2 2 2 0
3905 2311 3892 3987 3967 3965 31 3706 2 2 1 2 3 2 2 2 0
3905 2312 3892 3987 3967 3965 31 3706 2 2 1 2 3 2 2 2 0
3905 2315 3892 3987 3967 3965 31 3706 2 2 1 2 3 2 2 2 0
3905 2316 3892 3987 3967 3965 31 3706 2 2 2 2 3 2 2 2 0
3905 2313 3892 3987 3967 3965 30 3706 2 2 2 2 3 2 2 2 0
3905 2311 3892 3987 3967 3965 30 3706 2 2 1 2 3 2 2 2 0
3905 2310 3893 3987 3967 3965 30 3706 2 2 1 2 3 2 2 2 0
3905 2310 3893 3987 3967 3965 30 3706 2 2 1 2 3 2 2 2 0
3905 2308 3893 3987 3967 3965 28 3705 2 2 2 2 3 2 2 2 0
3905 2310 3893 3987 3967 3965 30 3706 2 2 2 2 3 2 2 2 0
3905 2310 3893 3987 3967 3965 28 3705 2 2 2 2 3 2 2 2 0
3905 2308 3892 3987 3967 3965 29 3706 2 2 2 2 3 2 2 2 0
3905 2307 3892 3987 3967 3965 29 3706 2 2 2 1 3 2 2 2 0
3905 2306 3893 3987 3967 3965 32 3706 2 2 1 1 3 2 2 2 0
3905 2306 3892 3987 3967 3965 32 3706 2 2 1 1 3 2 2 2 0
3905 2306 3892 3987 3967 3965 32 3706 2 2 1 1 3 2 2 2 0
3905 2307 3892 3987 3967 3965 32 3706 2 2 1 2 3 2 2 2 0
3905 2307 3892 3987 3967 3965 30 3706 2 2 2 2 3 2 2 2 0
3905 2307 3892 3987 3967 3965 30 3706 2 2 2 2 3 2 2 2 0
3905 2308 3892 3987 3967 3965 30 3706 2 2 2 2 3 2 2 2 0
3905 2308 3892 3987 3967 3965 30 3706 2 2 2 2 3 2 2 2 0
3905 2309 3893 3987 3967 3965 30 3706 2 2 2 2 3 2 2 2 0